(69, 71),(60, 69),[]
(81, 91),(77, 91),[]
(46, 58),(41, 58),[]
(59, 40),(59, 24),[]
(94, 72),(82, 72),[]
(19, 75),(22, 73),[]
(82, 49),(87, 48),[]
(22, 73),(24, 76),[]
(22, 85),(24, 88),[]
(82, 78),(82, 72),[]
(73, 41),(73, 36),[]
(69, 34),(61, 24),[]
(21, 13),(16, 17),[]
(73, 94),(70, 92),[]
(72, 47),(62, 45),[]
(12, 3),(7, 3),[]
(1, 10),(3, 13),[]
(44, 40),(48, 40),[]
(26, 82),(22, 78),[]
(69, 25),(73, 28),[]
(68, 37),(68, 46),[]
(75, 21),(78, 23),[]
(56, 31),(51, 29),[]
(84, 16),(73, 28),[]
(95, 21),(89, 18),[]
(42, 56),(41, 59),[]
(31, 56),(35, 56),[]
(24, 88),(21, 90),[]
(21, 3),(21, 13),[]
(41, 71),(44, 69),[]
(49, 71),(50, 67),[]
(89, 18),(86, 14),[]
(98, 78),(94, 79),[]
(27, 86),(24, 88),[]
(5, 87),(9, 83),[]
(68, 57),(64, 57),[]
(63, 66),(63, 59),[]
(68, 57),(73, 57),[]
(95, 83),(94, 87),[]
(16, 78),(19, 81),[]
(89, 78),(89, 72),[]
(28, 37),(31, 35),[]
(38, 68),(41, 71),[]
(2, 90),(5, 94),[]
(33, 38),(31, 35),[]
(17, 92),(20, 93),[]
(87, 44),(88, 47),[]
(46, 58),(49, 59),[]
(96, 12),(93, 13),[]
(36, 51),(35, 56),[]
(82, 37),(87, 33),[]
(60, 29),(63, 27),[]
(89, 3),(93, 6),[]
(94, 87),(92, 92),[]
(28, 69),(27, 66),[]
(14, 15),(25, 26),[]
(26, 92),(23, 89),[]
(4, 76),(8, 80),[]
(94, 79),(91, 81),[]
(41, 49),(41, 53),[]
(38, 45),(41, 49),[]
(21, 90),(15, 85),[]
(92, 32),(80, 21),[]
(19, 75),(16, 78),[]
(63, 66),(62, 69),[]
(56, 42),(59, 42),[]
(62, 60),(52, 54),[]
(8, 80),(9, 84),[]
(35, 24),(38, 28),[]
(69, 51),(72, 51),[]
(32, 72),(38, 58),[]
(45, 36),(54, 45),[]
(7, 21),(13, 14),[]
(61, 54),(61, 51),[]
(51, 24),(50, 34),[]
(61, 54),(61, 59),[]
(32, 43),(28, 37),[]
(41, 53),(42, 56),[]
(25, 26),(32, 34),[]
(32, 64),(35, 64),[]
(26, 62),(30, 60),[]
(27, 66),(27, 62),[]
(93, 75),(93, 72),[]
(71, 67),(69, 71),[]
(70, 92),(71, 86),[]
(6, 11),(8, 8),[]
(71, 67),(71, 62),[]
(66, 67),(66, 70),[]
(97, 34),(96, 31),[]
(8, 2),(5, 5),[]
(25, 41),(29, 39),[]
(56, 27),(56, 24),[]
(95, 16),(94, 13),[]
(32, 29),(29, 31),[]
(45, 36),(43, 33),[]
(82, 72),(77, 78),[]
(87, 81),(80, 81),[]
(82, 78),(82, 81),[]
(66, 62),(63, 59),[]
(27, 54),(28, 57),[]
(54, 45),(56, 48),[]
(91, 81),(89, 78),[]
(48, 53),(51, 52),[]
(87, 94),(90, 91),[]
(15, 6),(15, 3),[]
(95, 26),(95, 31),[]
(47, 44),(52, 53),[]
(42, 65),(42, 70),[]
(50, 34),(47, 44),[]
(53, 59),(50, 58),[]
(15, 3),(21, 3),[]
(47, 64),(52, 53),[]
(73, 36),(71, 33),[]
(89, 27),(86, 30),[]
(26, 34),(26, 31),[]
(84, 40),(82, 37),[]
(73, 94),(76, 97),[]
(64, 40),(67, 41),[]
(80, 13),(77, 15),[]
(36, 71),(41, 71),[]
(87, 81),(90, 80),[]
(92, 32),(89, 35),[]
(74, 12),(81, 19),[]
(56, 42),(51, 42),[]
(68, 37),(69, 34),[]
(73, 44),(73, 41),[]
(53, 59),(60, 59),[]
(93, 13),(90, 10),[]
(81, 91),(84, 91),[]
(76, 84),(78, 87),[]
(16, 83),(28, 72),[]
(44, 69),(48, 65),[]
(76, 89),(82, 83),[]
(47, 26),(47, 29),[]
(43, 33),(43, 29),[]
(42, 65),(43, 61),[]
(28, 72),(28, 69),[]
(84, 91),(87, 88),[]
(76, 97),(79, 94),[]
(73, 44),(73, 52),[]
(60, 63),(62, 60),[]
(71, 62),(73, 58),[]
(61, 51),(59, 47),[]
(11, 76),(16, 78),[]
(89, 84),(89, 90),[]
(80, 1),(89, 3),[]
(67, 41),(67, 46),[]
(53, 36),(59, 36),[]
(19, 25),(21, 22),[]
(56, 27),(56, 31),[]
(53, 36),(50, 35),[]
(81, 82),(69, 71),[]
(96, 31),(92, 32),[]
(31, 35),(36, 32),[]
(61, 24),(51, 24),[]
(12, 92),(9, 90),[]
(52, 39),(49, 39),[]
(73, 28),(73, 31),[]
(57, 66),(59, 69),[]
(2, 14),(6, 11),[]
(35, 56),(47, 63),[]
(36, 31),(38, 28),[]
(32, 24),(35, 24),[]
(38, 35),(36, 31),[]
(73, 58),(73, 55),[]
(30, 60),(36, 62),[]
(64, 53),(61, 53),[]
(29, 25),(32, 24),[]
(79, 94),(76, 89),[]
(5, 87),(2, 90),[]
(9, 84),(12, 87),[]
(77, 8),(74, 12),[]
(85, 10),(88, 12),[]
(59, 40),(59, 43),[]
(20, 94),(21, 90),[]
(60, 69),(55, 71),[]
(27, 46),(31, 42),[]
(87, 48),(94, 44),[]
(4, 24),(7, 21),[]
(55, 71),(47, 64),[]
(66, 67),(66, 62),[]
(64, 57),(62, 60),[]
(25, 31),(28, 30),[]
(70, 82),(75, 77),[]
(38, 28),(50, 30),[]
(71, 86),(70, 82),[]
(62, 35),(67, 32),[]
(73, 31),(69, 34),[]
(59, 43),(60, 46),[]
(1, 76),(4, 76),[]
(23, 97),(20, 94),[]
(43, 25),(41, 28),[]
(12, 3),(15, 3),[]
(54, 64),(51, 67),[]
(38, 68),(35, 66),[]
(62, 45),(51, 51),[]
(7, 15),(10, 17),[]
(73, 55),(72, 47),[]
(36, 71),(33, 70),[]
(76, 84),(72, 80),[]
(25, 58),(28, 57),[]
(44, 43),(47, 43),[]
(28, 57),(31, 56),[]
(2, 19),(2, 14),[]
(89, 84),(88, 81),[]
(22, 85),(15, 78),[]
